115
101	0
102	-300
201	100
202	-200
203	100
204	200
205	100
206	-300
207	300
208	-300
209	200
210	-300
211	100
212	200
213	200
214	-300
215	100
216	-400
217	100
218	-100
219	-200
220	100
221	-200
222	200
223	200
224	200
225	300
226	-200
301	0
302	200
303	0
304	-200
305	200
306	100
307	100
308	300
309	-300
310	300
311	-400
312	300
313	-300
314	-300
315	200
316	400
317	-300
318	100
319	-400
320	100
321	-100
322	200
323	-200
324	-200
325	400
326	-100
327	200
328	100
329	300
330	300
331	0
332	-300
333	300
334	-200
401	200
402	200
403	-200
404	100
405	200
406	300
407	300
408	100
409	200
410	-300
411	300
412	-400
413	200
414	-300
415	-300
416	300
417	400
418	-300
419	100
420	-400
421	100
422	-100
423	200
424	-200
425	600
426	-100
427	100
428	200
429	100
430	200
431	-300
432	800
433	100
434	100
435	100
501	100
502	-200
503	200
504	400
505	200
506	400
507	200
508	-300
509	200
510	-400
511	200
512	-300
513	-300
514	300
515	400
516	-200
517	400
518	-100

175
1	101	102	0	4	0
2	102	208	7.5	3	0
3	201	202	20	4	1
4	201	204	20	4	1
5	202	203	20	4	1
6	202	303	5	1	0
7	202	204	10	4	0
8	203	206	30	4	1
9	203	207	30	4	1
10	204	205	30	4	1
11	204	206	20	4	0
12	204	208	30	4	1
13	205	206	30	4	1
14	205	208	40	4	1
15	206	207	20	4	1
16	206	309	7.5	3	0
17	207	210	30	4	1
18	208	209	20	4	0
19	208	216	20	4	1
20	209	210	20	4	0
21	210	211	10	4	0
22	210	212	10	4	0
23	210	314	7.5	3	0
24	211	213	10	4	0
25	212	219	10	4	0
26	213	221	10	4	0
27	214	215	10	4	1
28	214	222	10	4	1
29	214	317	7.5	3	0
30	215	216	10	4	1
31	216	217	10	4	0
32	216	223	10	4	0
33	216	319	5	2	0
34	217	218	10	4	0
35	218	219	20	4	1
36	218	224	10	4	1
37	218	321	10	2	0
38	219	220	10	4	1
39	219	323	5	1	0
40	220	221	10	4	1
41	221	324	5	1	0
42	222	223	40	4	1
43	222	225	40	4	1
44	223	225	20	4	1
45	224	226	10	4	1
46	225	226	10	4	1
47	226	334	5	1	0
48	301	302	10	4	1
49	301	308	30	4	1
50	302	303	10	4	1
51	303	304	0	4	0
52	303	305	10	4	1
53	303	308	30	4	1
54	303	309	30	4	1
55	303	403	5	1	0
56	305	306	20	4	1
57	305	307	20	4	1
58	306	310	20	4	1
59	307	309	20	4	1
60	307	310	20	4	1
61	308	309	20	4	1
62	309	310	20	4	1
63	309	410	7.5	3	0
64	310	311	30	4	1
65	310	314	30	4	1
66	311	312	0	4	0
67	311	313	20	4	1
68	311	412	5	2	0
69	313	316	20	4	1
70	313	414	7.5	3	0
71	314	315	0	4	0
72	314	415	7.5	3	0
73	315	323	20	4	1
74	316	326	20	4	1
75	317	318	10	4	1
76	317	327	10	4	1
77	317	418	7.5	3	0
78	318	319	10	4	1
79	319	320	10	4	1
80	319	328	10	4	0
81	319	420	5	2	0
82	320	321	10	4	1
83	321	322	10	4	1
84	321	329	10	4	0
85	321	422	10	2	0
86	322	323	10	4	1
87	322	330	10	4	1
88	323	324	20	4	1
89	323	424	5	1	0
90	324	325	0	4	0
91	325	326	20	4	1
92	326	426	10	2	0
93	327	328	40	4	0
94	327	333	30	4	1
95	327	334	50	4	1
96	328	333	50	4	1
97	328	334	30	4	1
98	329	334	10	4	0
99	330	334	20	4	1
100	331	332	0	4	0
101	332	333	0	4	0
102	332	431	7.5	3	0
103	333	334	60	4	1
104	401	402	20	4	1
105	402	403	10	4	1
106	403	404	10	4	1
107	401	405	20	4	1
108	402	405	20	4	1
109	406	403	10	4	0
110	407	404	20	4	1
111	408	404	30	4	1
112	409	405	20	4	1
113	409	406	20	4	1
114	409	410	20	4	1
115	410	407	20	4	1
116	410	411	20	4	1
117	411	408	10	4	1
118	411	407	20	4	1
119	411	412	30	4	1
120	412	413	0	4	1
121	413	414	20	4	1
122	411	415	30	4	1
123	415	417	0	4	1
124	414	416	20	4	1
125	417	424	20	4	1
126	424	425	20	4	1
127	425	426	20	4	1
128	426	416	20	4	1
129	418	419	10	4	1
130	419	420	10	4	1
131	420	421	10	4	1
132	421	422	10	4	1
133	422	423	10	4	1
134	423	424	10	4	1
135	418	427	10	4	1
136	428	420	10	4	0
137	429	422	10	4	0
138	430	423	10	4	1
139	431	432	0	4	1
140	432	433	30	4	1
141	427	432	30	4	1
142	427	433	20	4	1
143	433	428	20	4	1
144	433	434	20	4	1
145	434	428	20	4	1
146	435	434	15	4	1
147	435	430	15	4	1
148	501	502	10	4	1
149	502	503	10	4	1
150	501	504	20	4	1
151	504	507	20	4	1
152	502	505	10	4	0
153	503	506	20	4	1
154	505	507	20	4	1
155	505	508	20	4	1
156	506	508	20	4	1
157	506	509	20	4	1
158	508	509	20	4	1
159	509	510	20	4	1
160	510	511	0	4	1
161	511	512	20	4	1
162	509	513	30	4	1
163	513	515	0	4	1
164	512	514	20	4	1
165	515	516	20	4	1
166	516	517	20	4	1
167	517	518	20	4	1
168	514	518	20	4	1
169	502	403	5	1	0
170	508	410	7.5	3	0
171	510	412	5	2	0
172	512	414	7.5	3	0
173	513	415	7.5	3	0
174	516	424	5	1	0
175	518	426	10	2	0






16
102	101	100
302	301	100
308	301	90
303	304	100
305	304	100
332	331	100
403	303	80
410	309	60
412	311	50
415	314	40
418	317	60
420	319	40
431	432	80
202	303	80
206	309	70
208	102	80


33
102	101	100
302	301	100
308	301	90
303	304	100
305	304	100
332	331	100
502	403	40
508	410	60
510	412	70
512	414	60
513	415	60
516	424	40
518	426	30
403	303	40
410	309	60
412	311	70
414	313	60
415	314	60
418	317	60
420	319	70
422	321	30
424	323	40
426	326	30
202	303	80
206	309	60
208	102	80
210	314	50
214	317	60
216	319	65
218	321	15
219	323	40
221	324	40
226	334	40



6
102	101	100
302	301	100
308	301	90
303	304	100
305	304	100
332	331	100


50
102	101	100
208	102	100
204	208	30
205	208	30
209	208	30
216	208	30
302	301	100
308	301	100
303	302	30
303	308	30
309	308	30
303	304	100
305	303	100
308	303	100
309	303	100
403	303	100
302	303	100
306	305	30
307	305	30
307	309	30
310	309	30
410	309	30
402	403	30
404	403	30
406	403	30
332	331	100
333	332	100
431	332	100
334	333	100
328	333	100
327	333	100
317	327	30
319	328	30
329	334	30
330	334	30
226	334	30
501	504	-100
507	504	-100
402	401	-100
405	401	-100
434	435	-100
430	435	-100
429	435	-100
403	502	-100
410	508	-100
412	510	-100
414	512	-100
415	513	-100
424	516	-100
426	518	-100
